1	0.9581352634478814	0.3067193747162512	0.18026957303168634	0.5840695560113809	0.13906111489195283	
1	0.5937381251580086	0.33311278955094203	0.9515396591554021	0.5130764392308103	0.9360579253285616	
1	0.32266194882078536	0.5296742308956437	0.6551821618441737	0.8554576645134332	0.41484129649468204	
1	0.520165600080797	0.3050251698496992	0.42125169788824635	0.24725351702419773	0.306016319876674	
1	0.005071739915865736	0.035345641350937096	0.487697687917498	0.03871264002751751	0.2287817142237123	
1	0.3708065987932305	0.9964532385397064	0.11682106129818692	0.4841963088619491	0.35564682756055066	
1	0.21236591863235477	0.6804264664698871	0.5213979630221991	0.2574930220574694	0.7895666990624549	
1	0.7945773627010665	0.07697365698441738	0.36739205959793875	0.778868413173631	0.39095108158199343	
1	0.5907707962276277	0.9838699108306573	0.06724247183779153	0.33474003470466096	0.1629765191257585	
1	0.4473396118450027	0.09069537071702971	0.8386760193289693	0.4102854607622134	0.22431233811490114	
1	0.3839273421701912	0.13480866891266652	0.46333692419718575	0.030101552683557076	0.9109098258065706	
1	0.6290650757404203	0.9986713753329813	0.5802012941808352	0.6751143266324852	0.3684558053862138	
1	0.25214978623794726	0.5187488123219032	0.3188918925901373	0.7740613582713106	0.8354811323928676	
1	0.11601300401418846	0.9084231181150321	0.5829578641947143	0.5115096650829077	0.16561829943498874	
1	0.6861503329784489	0.21415466339529377	0.35620423230485376	0.6861702619264451	0.9013419711292614	
1	0.3902383625017104	0.7844783571425039	0.906125301801947	0.51911446186008	0.2960427083947581	
1	0.12967209052383155	0.0673151537442288	0.5655567633098239	0.4508584152921157	0.2963515105607184	
1	0.31520045798794727	0.4449422098387579	0.0619465058713754	0.08955370801467744	0.9443968242506652	
1	0.35123714643354376	0.5025434056327212	0.30283308629859595	0.009887983914667164	0.3250285825660413	
1	0.9490389363241155	0.32461111750288585	0.9360518668102947	0.747508585329584	0.6936025342703841	
1	0.7521809653731565	0.38490323441796037	0.8268979748252908	0.8839582481483633	0.8407588063082623	
1	0.7272717763065399	0.10995002752738814	0.8588802347378225	0.36730136914064826	0.25272146867696255	
1	0.6221450619287832	0.41663040841708	0.1589864184593598	0.13445147824510806	0.9790891093931279	
1	0.7360512568845727	0.24289849864432567	0.3643324681051654	0.93154145214675	0.08017165775738111	
1	0.5084987861804817	0.39489617100976426	0.16259456210491208	0.8786123498838446	0.9192153684130381	
1	0.5197851958492534	0.09553580999664801	0.3399351616521715	0.3656934148104968	0.8608118090210514	
1	0.5160935902506029	0.20481044232508083	0.2727170691758193	0.2896841323705709	0.4733989322067099	
1	0.3542675577358202	0.8684873684439438	0.05579476338649858	0.37709431377583025	0.9705812176474452	
1	0.32001507750148817	0.4335025212701482	0.7290338247173163	0.9854680068630053	0.8497092041190057	
1	0.6053926483093306	0.077750822179383	0.9515626528532786	0.8596868306689748	0.3017047388896791	
1	0.5892948733657368	0.5383729744711274	0.2895812787023714	0.8310285722180139	0.7691123891789796	
1	0.2793390090404134	0.8891413646513905	0.45449866461193844	0.8727749948397991	0.8869022638519369	
1	0.8667312098198346	0.5565255787427491	0.8704654543242124	0.5940842420301632	0.7084097677283271	
1	0.2590847513812313	0.20249801960424663	0.46634791812250564	0.23230693057248408	0.7669084259649332	
1	0.8836818643225611	0.985037316713287	0.10325193655594267	0.6841475060019369	0.9048151675201177	
1	0.7681400376635827	0.13163406632073904	0.1401795784524924	0.575616996925497	0.7272779395095693	
1	0.2655942189214876	0.8127636065845786	0.8541523920941918	0.9179208571423295	0.27058088341741393	
1	0.14730054063762843	0.420055424336894	0.2156527201775943	0.5675720041653267	0.26846764295721537	
1	0.13086294233777684	0.6238606412229587	0.8983678240302112	0.13651866969965443	0.14262268979548487	
1	0.7464566559607793	0.43977959900286834	0.7194207422490758	0.48255824072729114	0.3732659222727961	
1	0.9293480925606855	0.805504765879632	0.42245769295292357	0.6753442062699319	0.1493643012234498	
1	0.1427079580005336	0.3230994115754864	0.4426800518473092	0.3335208906831514	0.41615892800709886	
1	0.9666813942334912	0.646190246953457	0.9231064231690089	0.1582762698666662	0.8458197923994139	
1	0.34851524690975955	0.5922353430440036	0.27927822272450176	0.6176437559736665	0.9821968567763061	
1	0.01170575441072097	0.8849780376022127	0.05515415343050689	0.9151852408303665	0.5762795837069883	
1	0.19545949300043042	0.21302893535731593	0.20645738417677117	0.3157927707642364	0.19293015151447257	
1	0.6642667516683392	0.8405546775607107	0.5071948277736048	0.5630321057351484	0.4095639076748351	
1	0.5889036031828412	0.9724775543221468	0.9418006392705877	0.9724700565968567	0.38287057989500983	
1	0.8329589991933775	0.7412044525814508	0.17791188419150583	0.5257735387960563	0.8875068404094776	
1	0.5246875693814053	0.832077431646369	0.2606575667916786	0.17612292913978234	0.16830999632379928	
1	0.04736976181585495	0.5555674954613302	0.9489748494380581	0.9404930403047204	0.501791004334282	
1	0.422138397604924	0.7408089060730901	0.9087387675244828	0.3552341067045144	0.5680575257050509	
1	0.8709054040324201	0.8190276970908714	0.9250403952810734	0.07333491501195599	0.5425305678509061	
1	0.36530980594818274	0.8209266662960231	0.9620250500636661	0.8893463401325971	0.5753675178124066	
1	0.7284611497034723	0.08038184572311458	0.49553190035761474	0.2221053416868456	0.5855467505150539	
1	0.7202922061976252	0.2469370201470088	0.8236928129418938	0.20246519484713954	0.31845620947232867	
1	0.21254829473070758	0.49995833115340294	0.3473091013611985	0.12049721516329459	0.028788716566663042	
1	0.8038688087787678	0.6070237911990572	0.9941364444264029	0.19663911772616183	0.2532470095427727	
1	0.04222941343184061	0.43873960796070954	0.5095516947158761	0.0026190788526809783	0.46598660904317846	
1	0.7131025262834368	0.41463054936898414	0.600282180385146	0.7730322657194307	0.027766568900510213	
1	0.5875483816116702	0.9062908415205649	0.3254582430462979	0.987727142750879	0.15595327615781596	
1	0.8682035556463608	0.01917121050647752	0.8500699658475858	0.88633231866585	0.21156319348732944	
1	0.5762618164100486	0.202535628782766	0.2837833491854659	0.3211390268956077	0.8136126044874488	
1	0.8009375459429252	0.23203858853461268	0.34056824218671045	0.8003104737120391	0.993396111160764	
1	0.09961315744188848	0.5454169164412648	0.5007331162915609	0.017455976469371137	0.9026784463331953	
1	0.9928822744591371	0.028126974615088063	0.6355091232154205	0.4833180124063584	0.19174548108147882	
1	0.07772896829007281	0.4334903410594546	0.12598425889881637	0.3248545375501981	0.9447106734187968	
1	0.26165949855145443	0.9403832471607955	0.4207207842048526	0.7106117523147526	0.5268239216054831	
1	0.445007695042823	0.508574279382009	0.2924682834896212	0.5489302504048545	0.8543182437436138	
1	0.36013154614085663	0.9157137393024849	0.6865177679638922	0.8410404430056803	0.2054170637201973	
1	0.5628506420888555	0.8401631675215644	0.41956577802060335	0.9731014843135957	0.11043123541223265	
1	0.9755349574174085	0.9213876438521977	0.7002576703540118	0.0571769467294162	0.2648279427567468	
1	0.21565138607150813	0.7503037162432992	0.7594411091655593	0.15676081005588316	0.863325048003918	
1	0.8557845223341768	0.9137532202568267	0.42841879654485926	0.0046873914284421	0.9711579077162477	
1	0.19719997944797285	0.22253379644183813	0.15635357971871544	0.45063166399950416	0.5927052553247517	
1	0.7467259996026877	0.4584277539647301	0.45342790556182255	0.07230017913049025	0.7965108731051055	
1	0.017528306563258433	0.3593197201686835	0.651976802538677	0.6932013282862437	0.34629330558526594	
1	0.36849753580720945	0.1944775403311556	0.8058411333064849	0.03064754229571276	0.2540916884000709	
1	0.9770938412211994	0.8229860399645696	0.2373638883826391	0.9010316174283098	0.373585651001616	
1	0.5242741660495651	0.6995177356493198	0.04458074008911728	0.9686865111956888	0.19813630780591363	
1	0.69604895817829	0.1697345367954154	0.11114420309581796	0.36271875270904674	0.1761701665328843	
1	0.30951014606871374	0.3039363986532836	0.4703983193941169	0.6945292369993143	0.8136565852757923	
1	0.5912946860323032	0.9880177033382886	0.6522576663282856	0.8509745063590881	0.550562515019332	
1	0.1489901202309425	0.10130496272440936	0.11989757923735067	0.048837569825860294	0.5471052958485804	
1	0.6181092744342332	0.8046386479048215	0.9690270986553882	0.7014255056963282	0.3683983688839162	
1	0.31406636725019166	0.30347014212753853	0.8404343700675551	0.47405480902488284	0.035885158062386346	
1	0.8789630464416958	0.6250251274139849	0.35855060841939457	0.6558383249921522	0.41721140633108544	
1	0.4873125451253798	0.3403967135010618	0.4744731925321113	0.12944760379621312	0.1790037719391082	
1	0.19395247264747173	0.25057604972188185	0.3599603035614761	0.6532248014547515	0.6576463990273658	
1	0.4484493536284472	0.2483884110045782	0.7127000747210119	0.14995516465329417	0.039642557097131936	
1	0.988482409067196	0.6833162417426674	0.9538029822077593	0.20877000069930152	0.8956251704692973	
1	0.5734204964981416	0.28932819941936816	0.868470970889147	0.4960206968159463	0.8656951895909407	
1	0.18662057376550667	0.18511534194446522	0.15565467437076896	0.6566378942563166	0.08418156224458662	
1	0.19389976450093327	0.14457425731005225	0.07178189613199681	0.25908467181866757	0.40559436399355653	
1	0.9896365940840028	0.19882828734213076	0.8554223865573032	0.6443702931269151	0.2790024678627795	
1	0.22052191967505408	0.8322887126861325	0.5239539690563808	0.696302673212359	0.46441842104172515	
1	0.748974783499109	0.9817553928103286	0.028460448226917068	0.9395837376360097	0.2433340866223963	
1	0.36083240454732035	0.9632154813061821	0.04621201020373866	0.5728203566997577	0.7967060257008491	
1	0.5951593336229599	0.857238749624682	0.33747997376750416	0.41628554368653314	0.4488017428676394	
1	0.7259441403680587	0.3687686477455212	0.16306278808825014	0.39145531647820264	0.39008860806398526	
1	0.125474525140992	0.13793733475881476	0.5878508256800863	0.4516728109684418	0.3450459690297707	
1	0.5322295904438225	0.5748555078852604	0.5559498903505071	0.678267847215627	0.29886603125290334	
1	0.5830226397232864	0.25939172264314325	0.7912613300197978	0.3276547347425558	0.260357135110458	
1	0.5683317755154446	0.45061748779392463	0.16177834426788062	0.9679590588044272	0.42233101033350884	
1	0.7588288094204187	0.5774158995910558	0.6101049159850949	0.9852376314366297	0.47105855417230735	
1	0.12377402828384809	0.8956622621304675	0.6550211995829209	0.7777662492187187	0.6405295888131076	
1	0.561758202771902	0.4325436205513773	0.20283165363688005	0.1903525214712265	0.9723702111615329	
1	0.4882316328476103	0.31092920385045575	0.4131430105828412	0.646255521805302	0.0603683615133388	
1	0.11669557061706581	0.09328992134678527	0.744967164667571	0.10244861364070046	0.2841890518893362	
1	0.7858471158161022	0.2849512194521173	0.23102519374047648	0.8865383197359531	0.5110558259838416	
1	0.48117358966194457	0.11414720576727966	0.3688445764778582	0.2440991606303703	0.9604797270978821	
1	0.03986501657381447	0.6671662851842893	0.9348614810504948	0.9058597995794314	0.10650150346532739	
1	0.9666207523480498	0.9430819232466247	0.9802462141599523	0.5539825109181952	0.43248702116135895	
1	0.3311400111159555	0.8465617268068781	0.04211990689219347	0.37531161688795867	0.09221797099272244	
1	0.8017637211703127	0.4557844861421515	0.5488049298662673	0.27196798232257247	0.5203908221402486	
1	0.7938183930890857	0.8135137518486054	0.8755779643013446	0.49501807082394234	0.6572998276623933	
1	0.3238025860399305	0.18077271206989198	0.6459810034009755	0.8453982166956412	0.44066001511200814	
1	0.6956977717419973	0.16977438983102844	0.01594638998980924	0.3226350983420605	0.4672477178657469	
1	0.5043230830349303	0.6193591905923358	0.2866208510829218	0.05447532277797451	0.74200792946297	
1	0.19092817561150122	0.08470126158805669	0.38697901944109636	0.5321293735858829	0.3363362210234344	
1	0.07973239705896185	0.5506638468483468	0.19171282860193117	0.4129442130236529	0.8766255971973812	
1	0.23601567665074252	0.8299497549834866	0.2927633064348384	0.2605205380800557	0.6032490635939424	
1	0.4894068571628254	0.05071204717660194	0.6308642257644337	0.6094368944272044	0.9465208286780793	
1	0.05991061087094818	0.3575632208657048	0.47944980321448727	0.9323800095913112	0.4250568861426972	
1	0.04258982441249437	0.20772840047914165	0.37054769361980655	0.42563077698163343	0.5023050991189058	
1	0.15137324801688312	0.2832671784547387	0.546779230051903	0.3922760894244143	0.7091063162826886	
1	0.3732024034370728	0.8926114016889501	0.3890115429088006	0.7242939790206964	0.8077367978615733	
1	0.7542597079954011	0.05650970188082127	0.7594912602636809	0.8115668271165757	0.9771958823173023	
1	0.7635681175578102	0.9539357346129614	0.005435199388234779	0.21517716285660515	0.9256842247440594	
1	0.40238036763114116	0.33626777000658525	0.2949997040186788	0.5196613253306022	0.0938209439825839	
1	0.6719893678766732	0.42760215496718157	0.6396970160133765	0.43284299409865246	0.12421110909812105	
1	0.862278351527407	0.23213373885466748	0.08554876884888662	0.6633338854525327	0.302743814889854	
1	0.6830681692581261	0.9061399188194946	0.12601199080935033	0.9128709789272474	0.14822267310465764	
1	0.8660657201803288	0.8031574906833331	0.4002715520767035	0.6458331502214582	0.9540909523593651	
1	0.95800594873759	0.45875130682621335	0.5479591294743971	0.12361474234530068	0.5704573207477959	
1	0.6748356688692972	0.06526043470409737	0.09196561101830492	0.4546911600493069	0.09632006684596994	
1	0.3308777722959071	0.7828212984095817	0.8567619158620557	0.6809222954856853	0.6858505150876192	
1	0.9218704883016836	0.6751672896996109	0.6365770262627539	0.9821366725414754	0.2290020485109011	
1	0.794331384190421	0.725007105753511	0.8018364514919349	0.32068236740138256	0.3493071132503678	
1	0.046110123092959476	0.5236792704879804	0.9848751115515336	0.640955762060412	0.7032094732138939	
1	0.1623939759475359	0.2938585274977553	0.9959559429061269	0.6732383747818775	0.4914970458818503	
1	0.42897564848377756	0.981468368484448	0.7449721020235431	0.57081829845751	0.2931220679363986	
1	0.9714732811273687	0.28860206578031566	0.8173762607862156	0.2384579795453693	0.7464487047671398	
1	0.22879252797087934	0.8761625729166476	0.07826153572426187	0.003201502807018586	0.5689900439434304	
1	0.5972370645078278	0.03760316774465011	0.6574339784028063	0.5155452066453842	0.6313213374044767	
1	0.7422848915471301	0.7685577897178854	0.6464771981110355	0.1556704957389139	0.37320192185104717	
1	0.5544480171259625	0.9135293188563484	0.3462219862287548	0.44299180502434143	0.94719536502561	
1	0.9973545212350553	0.9330042783171905	0.5749675480655663	0.7167803351910129	0.8954041032462042	
1	0.9998506423818296	0.021360909535272476	0.12326508812446346	0.9652121868636776	0.038520115953764145	
1	0.12789737996942974	0.07061816162784385	0.8628832776718388	0.6370871457817461	0.6535920446390038	
1	0.7239972895375821	0.6544524345304865	0.5412271328216689	0.8814729220325902	0.26208912143247853	
1	0.7625818848692197	0.6394896639938668	0.2619359506668594	0.5350959669442067	0.4134883619143862	
1	0.006669368023533906	0.5246202987594021	0.11780913958954431	0.40965161438828523	0.7312408033897512	
1	0.8563796202851902	0.8796469470183301	0.09949836515519817	0.950800940334758	0.7066289995333489	
1	0.8002976901453549	0.061261620080026	0.2532554845565802	0.002149448038451962	0.7922121554588728	
1	0.9441614343572157	0.9662668210289197	0.7699088154398055	0.3508414306988554	0.12197070347334771	
1	0.47530791932254246	0.7544133149314916	0.9279278596773317	0.8640006895890031	0.09762485165171864	
1	0.9189122774050714	0.7020480694023399	0.476509755594846	0.3185721311960422	0.6066020125295296	
1	0.6981113498217465	0.995289053769063	0.1436319167177703	0.27481955543759007	0.15354627689579903	
1	0.16169925238327065	0.7504952805544245	0.5851672106405088	0.47742839904642964	0.2171095352693141	
1	0.9895886348712851	0.877200825801938	0.5931376648181403	0.9822633809262203	0.27111214326658817	
1	0.5404173748616792	0.5812970682918819	0.3040584158545946	0.6571407371932965	0.6411993188023276	
1	0.710606167518864	0.7397418343714809	0.36007791055824134	0.8320189650420976	0.10615720564648679	
1	0.5797887107484382	0.4459266522913229	0.8775396754456933	0.6572175667308504	0.7161829328246829	
1	0.5301139438697284	0.34165940755647217	0.8775216708863305	0.04007881682033243	0.5794382686216774	
1	0.7547327506724298	0.5898567006234647	0.6152966833775874	0.20895408191827736	0.1337659549709116	
1	0.6768347978083222	0.6484448627182469	0.11941594972061154	0.9494444417985549	0.48266557195070836	
1	0.5427653351236675	0.5031572559168985	0.37825260514072356	0.12085202699135433	0.2473193829440966	
1	0.3678370421355396	0.9086046669965363	0.37274979490955784	0.0430424007016611	0.038656139904463926	
1	0.3398918468525439	0.14987038441261114	0.484984425122275	0.49961499631707595	0.023417612600898807	
1	0.5824897142792916	0.14058757602791605	0.3806624203228913	0.6009994898859008	0.5245978277492613	
1	0.5163521949807159	0.9149324640956729	0.9934935029397405	0.42716776537820655	0.2564636674276204	
1	0.9837796786275984	0.4792651390229795	0.6049656264801851	0.5739501253819641	0.19478390929918943	
1	0.9309802938073469	0.6922229561639556	0.597024527369844	0.8731385299352763	0.07493099845336171	
1	0.2797098765962701	0.18575067867537887	0.5921606090805922	0.8043075269634636	0.6192487769169753	
1	0.5657006892517646	0.45856057957405294	0.1493842869338925	0.41409433318831135	0.07366116002636658	
1	0.7183302431383343	0.9972433383887154	0.8404282767601498	0.6201221537170157	0.6743133982066623	
1	0.0474101048995762	0.005238094683607253	0.5841232176135047	0.5086692144583901	0.9900075746211952	
1	0.5179894434507565	0.6014141569916592	0.700770325538399	0.8521748146567805	0.3246465978893337	
1	0.7661837633847771	0.3966837085005438	0.5140669300341835	0.9416328969366675	0.006063773062166877	
1	0.19903971239836749	0.7212489010147295	0.10610474752559251	0.1655243659342993	0.4733747155393142	
1	0.4696907412838037	0.9298208514111683	0.5228067752887301	0.1276863639180098	0.5244987241416281	
1	0.08050423548177899	0.725744112276505	0.28850863991668774	0.2183039775240022	0.4794137729250474	
1	0.25317891771469725	0.46440524299460817	0.9201083846327137	0.6134667548443423	0.12088547598236288	
1	0.11101504005931895	0.433173685677139	0.8501094566295752	0.010941921592354409	0.6499698689520979	
1	0.6541440827537927	0.03370433305487408	0.9519447224321059	0.5467276679545068	0.6684490556055689	
1	0.3986201936909156	0.3038779494098568	0.660380412234465	0.7470876430893267	0.5096575931691983	
1	0.263185216534062	0.7345464999144419	0.6648378030073722	0.16905664959638378	0.5316567890500544	
1	0.9887755010808831	0.02598407674961334	0.6429001353750395	0.27834827089874536	0.6082781725709903	
1	0.8692963707169025	0.4233146260984729	0.7499716070317692	0.2717120760815398	0.07112067124519883	
1	0.10143700267870137	0.6156268541728913	0.8907148510175779	0.4492919724332034	0.9624070370164912	
1	0.2652472750480933	0.007181042337430887	0.8101799136020846	0.2184201914014846	0.7923407391556119	
1	0.49389540594840176	0.2949014751242105	0.6300639348770326	0.06072207113218031	0.22664812522583833	
1	0.9147405287454392	0.6517907029502024	0.7489555379042816	0.2792519698961662	0.9143522221907435	
1	0.460127389019663	0.9862446175658613	0.9443601826882054	0.09025434305342617	0.31488666392242504	
1	0.058513014181676315	0.09854746946374515	0.1864673052988437	0.9229550453681893	0.010356867344702203	
1	0.07504772467517695	0.45738237204473	0.5672262842649429	0.6358211623393234	0.3669714168633057	
1	0.9399819702831764	0.22961935505507514	0.9824611900465106	0.7164179403641677	0.2613071579127596	
1	0.8193281936411484	0.5908214000996718	0.23160487562780585	0.8249312054295225	0.3945084703572459	
1	0.4336044316993115	0.5911875585434836	0.28630551681445027	0.4296534775515256	0.4763244374996376	
1	0.2806761760697538	0.16710297146859088	0.0027145554862718635	0.6560468137886033	0.9288282522775112	
1	0.8448930089852774	0.03667107550036608	0.5927402265317122	0.13285805054607058	0.6295537204760175	
1	0.15318596234216952	0.7929100842696271	0.5595412763611957	0.7929552870183699	0.4880796545003949	
1	0.41017648723122735	0.6934408496526068	0.11684132078164189	0.7737197636003298	0.4462465702192081	
1	0.7621930522489574	0.4805629452303347	0.8471673536144895	0.2566452846270828	0.8911084947902004	
1	0.20077993293600338	0.7582257612874017	0.19867832922284534	0.26843016493588645	0.6933474933372759	
1	0.9660809277381461	0.5642097177132139	0.2643740415128004	0.07819133876196271	0.06721481004484431	
1	0.874526531817776	0.34988494962556715	0.9119934144140245	0.14875440262496586	0.17531621655630414	
1	0.5620969160602732	0.9524429800171519	0.4808806561866248	0.8661619598015339	0.08647379955376311	
1	0.02564690750311238	0.6407266115321512	0.41967651249399307	0.6947363395507362	0.8117760515629103	
1	0.893883621771217	0.6785646696399614	0.8987394366983825	0.7016511394121528	0.11353058129644733	
1	0.7004828800343218	0.8719449673177866	0.10644049937569278	0.21885876703196805	0.6539377349561784	
1	0.038627332149036686	0.16002503736500018	0.13861603494703778	0.022247208387187745	0.1589135969038773	
1	0.7430613503043701	0.4976378017257902	0.2815735243697861	0.21803345005422847	0.7494582752779371	
1	0.05662037063015557	0.6815030643108934	0.4843517400194788	0.39260388811627867	0.09746695140536243	
1	0.24347692770928953	0.6638780423657945	0.21583314747318605	0.8827411514238785	0.23395989259061023	
1	0.2169559074589279	0.8527572502229144	0.6319866893416558	0.7777867397845686	0.08237839612233067	
1	0.5756700147357467	0.7098688512341548	0.960156655042638	0.8447706385419075	0.18459490745440366	
1	0.42234832336230455	0.39252582199305885	0.5617623902116544	0.33749443516187205	0.2910596043159387	
1	0.04270600124108581	0.7181375412092845	0.49284303212658387	0.7884852404717371	0.6502864447670504	
1	0.5725286100387527	0.5946145246978626	0.9289982157056863	0.09427275709117389	0.6310802155346074	
1	0.5407432620394107	0.3793990373100836	0.3544998559800575	0.7842399272031968	0.1040638453432573	
1	0.9681348949839501	0.6116756750679352	0.031778713567867656	0.39250688011986345	0.0330252407881646	
1	0.8443434519140682	0.9631388888013104	0.6286321240627284	0.18424534536162096	0.18530491206744704	
1	0.1431936178651141	0.22355736794099912	0.6611997051984451	0.6183763726812279	0.35790205512552664	
1	0.26137160192180275	0.5799017191388809	0.17782893129738153	0.12468215158757034	0.2841808093962448	
1	0.4979232302937898	0.8862498567495866	0.054499438773001896	0.29661002396203406	0.47142112153990656	
1	0.3378195590340213	0.6154834248225755	0.289155713473742	0.9952361152936952	0.31476346846488934	
1	0.30814539154247456	0.6007717730803429	0.816555886032004	0.3911815541107535	0.2596272108168841	
1	0.8501979498788566	0.43426041309359187	0.37499907115922937	0.9092852567190599	0.575760465680968	
1	0.2228776133066388	0.09512293189410714	0.010923764552753235	0.2363712083861229	0.747472962630634	
1	0.8483078183328123	0.16426011075886005	0.5577783828034424	0.6692265814751096	0.5682522465084079	
1	0.2910060988191583	0.9187230943259973	0.27686368363338454	0.19903521422468207	0.4345135817090965	
1	0.36757752172890656	0.9640640142298664	0.09112004193862944	0.3828843256476614	0.866880806333637	
1	0.010182715926305153	0.8491755789197781	0.8943411043788702	0.20848154148756182	0.35330127309576087	
1	0.9750895483515147	0.5575219430699372	0.2481298536879889	0.4856909718937834	0.658255854124703	
1	0.1597459827011969	0.08738520974117525	0.276937192906779	0.6181174411216005	0.0002320101712700584	
1	0.47906350139447296	0.21437176908236033	0.6920439298116443	0.07528333677740096	0.5369191266951187	
1	0.20986007165049703	0.1261944189974994	0.3644164116727747	0.513558430127664	0.8178374843932357	
1	0.9293974040299472	0.544696896042467	0.08802683861113458	0.13876727165214775	0.20711004519572895	
1	0.20287075702354374	0.5225635993151718	0.6965669971021826	0.1848298562104813	0.8649545628180026	
1	0.047671638632012736	0.7774703608454097	0.5715013303586254	0.9148632921096003	0.10669504878769298	
1	0.056981442786789516	0.7500562126826806	0.6836397160262518	0.3396319952829401	0.774686212617707	
1	0.7414607396842928	0.43801662857835333	0.14455444035572185	0.10032778575067003	0.5004717055085091	
1	0.03390655672898313	0.02179161369048055	0.828972350476275	0.5864045916436046	0.37792733402945955	
1	0.8758267257344248	0.49812096973140263	0.19212876740355922	0.6829613863898962	0.02286926586473781	
1	0.8903900285740891	0.46509296556327195	0.15690098640133265	0.4089620996869179	0.053741424461408616	
1	0.9388276642847686	0.8233905648627996	0.14212779016238675	0.190996023772265	0.3165852446236873	
1	0.4052123982907645	0.7561062360908668	0.012849901167502065	0.04421534225188417	0.6910984660937023	
1	0.1312195235948862	0.4668346307793203	0.8716856476430078	0.18800263220320979	0.5865964336100448	
1	0.4427897693409817	0.4518482870863332	0.16173485434720547	0.6603793408323112	0.16982736146452004	
1	0.07830429265366712	0.9783467773131744	0.4031542759980097	0.844853203025806	0.8489407618617697	
1	0.15910740015053115	0.7103344926427025	0.21999623325158035	0.980430455257718	0.7729490873462592	
1	0.3250936897079949	0.035555727830601125	0.5561172951565184	0.46296954105735566	0.9600092632722835	
1	0.06566123270832747	0.8429640060730174	0.5827730631465544	0.08672778822272253	0.3227681320519368	
1	0.025089738075682155	0.1283035899490873	0.8337954121312199	0.13839737569411215	0.4570795620966115	
1	0.2940896379706399	0.9533792833075603	0.7103915978170996	0.3662199139865029	0.7679350926265149	
1	0.7798389893743001	0.22612245608542703	0.9697062095636946	0.35394283792745507	0.5416569679063984	
1	0.69347087523889	0.9984777830207642	0.577897974238711	0.3434769460406698	0.8595148165010614	
1	0.8944576089595406	0.24312774422748507	0.0015590526000219818	0.9550777889327187	0.724955707302357	
1	0.7492871656879183	0.8153576618008858	0.7294721185065571	0.8464491375759755	0.11666386788678296	
1	0.010202362398001874	0.7021729546222494	0.1522575734640994	0.8480830503550604	0.14198274937364574	
1	0.41396737538249306	0.47785214213693894	0.8922570244239223	0.7093420048009059	0.12777587311950922	
1	0.7218771520810512	0.7285611736047659	0.10884585033486893	0.407408924703593	0.5257009165469323	
1	0.07413725747551136	0.16747804017200096	0.9124680923688205	0.29913370799090766	0.6231591168068237	
1	0.8483371210300783	0.5555058293135503	0.5359383593158454	0.3668141673154389	0.07998016847445588	
1	0.2563949383805427	0.16928194269008745	0.6918709994932931	0.5126451602426723	0.4366561231406203	
1	0.8354008174783669	0.2555506891467706	0.9242878670798779	0.559254133035451	0.05789050124538575	
1	0.30245178640043435	0.2785403541961843	0.9986824290806333	0.9072368138964039	0.05064736555425975	
1	0.002159924430576443	0.5123236006250744	0.39841951048918856	0.2157915465523984	0.1951465509748329	
1	0.02116993991455951	0.21868844891288897	0.5495811183771374	0.1104709454683207	0.6280115855237178	
1	0.41222637168899645	0.4696728763359359	0.9597788703800897	0.3807077391916036	0.20553939995057224	
1	0.4457774040213145	0.5196852224649499	0.15347701861598428	0.6217097778465404	0.8232312895252216	
1	0.4990342370869444	0.2219942700330828	0.3431856725042005	0.710579452432657	0.5026144194853752	
1	0.7468600692910354	0.09191060269603202	0.6034047411615441	0.08745994052857453	0.6124203094268507	
1	0.937786516661107	0.7394760115823247	0.5165355540208326	0.48578668388921953	0.0013472366267925917	
1	0.73408834256014	0.16922497837972184	0.37005354957952696	0.5380976314104757	0.9402566026024246	
1	0.43543623421720334	0.8883828833519875	0.9662013138509445	0.6181154415337261	0.7334989071777113	
1	0.2180836395827339	0.8289038792019647	0.003336674147616514	0.34547147571265924	0.8832607540136187	
1	0.9144635684978146	0.8939745680927369	0.8673358691487115	0.5090244965494731	0.25149445399099835	
1	0.6493881275799974	0.23514257605764155	0.1776127172523969	0.2175572887513113	0.27034192765144227	
1	0.7880880327875137	0.5673705397261789	0.8077819898989607	0.556110171139628	0.6675132092451763	
1	0.3574294482003635	0.3562668351225273	0.44271316202447974	0.32256060738782333	0.2491214887911266	
1	0.8352834911546689	0.6825772166949986	0.5869898237416415	0.9137038348493647	0.8482754530305626	
1	0.035756458129632684	0.7716288919538806	0.7865295146557679	0.6197377139544243	0.6065918022378175	
1	0.4057918158998328	0.9431639536919533	0.8862571746681258	0.8937799123527786	0.08349438283519994	
1	0.4998455625587691	0.189155725612567	0.5637962136398484	0.9102526344213859	0.3817632651859896	
1	0.0024735143298186824	0.9847968249050831	0.6412196979858725	0.9730821896069973	0.011285934987335766	
1	0.5771559598837771	0.13201019469607167	0.311577033722906	0.3146618944987568	0.5619177668116545	
1	0.3829132395452971	0.49659603599925395	0.7432362093990378	0.46142553449400947	0.19710313286625714	
1	0.3786763157891124	0.31306078805040305	0.10009400841428584	0.9424272980407491	0.6143606018536454	
1	0.5534791964870166	0.4939221436749349	0.6161650878223622	0.8864980838030481	0.27777574830244545	
1	0.9111904025493385	0.8973553469229523	0.6251427563925476	0.3146435830215778	0.6430439445450786	
1	0.6087271998819132	0.9634459430844661	0.2639758822642214	0.8969676126210518	0.9215845162795323	
1	0.18571232550565053	0.09066456646286325	0.2438035939515848	0.39965271348953135	0.04489583429861321	
1	0.3707071376314811	0.9595517894472859	0.059168816530396406	0.17220958149439558	0.006453562768849785	
1	0.7720478755262199	0.639107173219897	0.9984216094932639	0.8639998923061792	0.9169539954772408	
1	0.7492606143470134	0.8854255411645147	0.3449344433395174	0.8903580070107191	0.7781941421558465	
1	0.5964564408224179	0.13306524863194358	0.5523151447157061	0.6156328520785818	0.3629803973158422	
1	0.6575963095889852	0.6218586096640292	0.37041340508337184	0.3064258352843868	0.8278552466769129	
1	0.018262204555510198	0.10714207365591555	0.7657724623348774	0.6844693765187709	0.3418729605031511	
1	0.6367377849180176	0.8903474835610536	0.7051261839375895	0.992873080972777	0.5493614298464422	
1	0.9490318231659185	0.39092636537393943	0.421092074056326	0.59495502618862	0.33271954349714317	
1	0.08818134826460444	0.34387487891670887	0.9363788516661159	0.16728175254666033	0.6663410102946268	
1	0.12037939870657854	0.899487194868241	0.6428283366721393	0.6444275258746957	0.026193052686914964	
1	0.0853384950194973	0.2496142160118947	0.7208410285826643	0.661448315175665	0.5944636163408173	
1	0.7255675084745481	0.13171274849447667	0.8875516534467284	0.5349531132969824	0.2879085017876083	
1	0.7788850757881599	0.43435807587183695	0.1546775263740061	0.8593322645184527	0.29951926604267376	
1	0.4847729736007865	0.3014068236152754	0.6188235629231058	0.2964751222791564	0.24726616134478974	
1	0.22239446177408717	0.26708153339948504	0.8867992021363629	0.2020745866892033	0.38935604131603463	
1	0.5042627199968178	0.8299790130386996	0.21918394153488197	0.7960095491635243	0.1083798022515744	
1	0.8193626824803127	0.22301197405313145	0.4373469838586843	0.9174789648407792	0.8815910117100911	
1	0.5234650086752275	0.24022191891512645	0.672060739562935	0.7084155522743891	0.8292477324178732	
1	0.11862920150915734	0.7934256155336463	0.32839117065869505	0.7903994001040822	0.32179293621888005	
1	0.23767507434852775	0.4484724215186138	0.46110419493830546	0.9705864795715707	0.7773065938321078	
1	0.643150552516811	0.9580766682823044	0.395274790769507	0.5028728415431151	0.7333060295610702	
1	0.1268612489951949	0.6021540697568137	0.2538034368693759	0.3962447733875636	0.21477520017097695	
1	0.36604533693347596	0.3100798087968707	0.33794927548132114	0.1487798955958658	0.8023395091690864	
1	0.36609320351322716	0.13516595729198144	0.7008503871634468	0.5600815902321146	0.18583582046702007	
1	0.8019736144390596	0.7348053839958689	0.8518171921417979	0.5315239331269151	0.7517034274753255	
1	0.8437061497854874	0.04085597780281225	0.30102189390398104	0.6641238950439087	0.2199904861159684	
1	0.672210812817973	0.8146667459169527	0.6171921927034532	0.7458052326987572	0.22231066272577082	
1	0.9759620502352224	0.8750528148625694	0.9033623182563524	0.6474735913795009	0.027287109850131497	
1	0.869198500313952	0.3458901949962172	0.8423783788594321	0.03218085304463081	0.36150178147068335	
1	0.15811974832611686	0.6776090693287066	0.1995831943831523	0.8964779953854082	0.07298407159647713	
1	0.3385647445301424	0.19121568203858008	0.7269630131267685	0.2511773559692241	0.18897050874404597	
1	0.977723078741925	0.5782806541769117	0.586180809824569	0.14621923757318922	0.5761645568024257	
1	0.8700430834052149	0.9388841031864338	0.7647547397405813	0.345262350958221	0.016326813241098526	
1	0.5091702726324957	0.9078837944347686	0.8208877663146985	0.6426688723504947	0.6050065239182109	
1	0.04749571493784899	0.7718145102000894	0.9386307187925197	0.21470056618910316	0.8833679437623989	
1	0.36794872723602046	0.9603524861883898	0.9461568730498269	0.6431690557135099	0.3015615276341197	
1	0.5336115609882822	0.17247357610854674	0.5103978117100038	0.607392930378878	0.020290980410715198	
1	0.817615990309121	0.29144313547794887	0.21853529948602257	0.6276063982597662	0.07460092661746132	
1	0.810692546174636	0.6349476676057596	0.17670153698288404	0.5239706550430608	0.5826989733794619	
1	0.2771272435887404	0.3948464662485428	0.5234727533074992	0.7096357043066148	0.3204013820295527	
1	0.6549248634248468	0.283600791945798	0.494784087917037	0.6557137659915824	0.06544351018896988	
1	0.6486665391636103	0.14224333666230493	0.01069501065149081	0.6910569259934431	0.8929538877985825	
1	0.5088168678548953	0.16869336737611262	0.6184497259737357	0.9847155331642826	0.6137706638695924	
1	0.5138827300805251	0.6884773002540194	0.6154642437949149	0.6723108038272126	0.18190920821979117	
1	0.180093180447076	0.0976436924821662	0.6331262696787112	0.8320325940330542	0.7933601242809502	
1	0.9937044231201053	0.771268966077407	0.676116938685303	0.07839717514262401	0.4146175739043618	
1	0.2797209885688332	0.6919634795180492	0.9846272195172286	0.3574521314618271	0.8157912730001845	
1	0.39371181340353767	0.204238711421735	0.5969604297651504	0.37266251523097504	0.8640408781292823	
1	0.25790586577807917	0.6616964876586015	0.38087192906231115	0.9723099724157118	0.021656894896761147	
1	0.931239834880323	0.002277381311876381	0.9229390869939927	0.393300710954971	0.3287851917081144	
1	0.6758190938724132	0.5637098251192477	0.9259052286305549	0.5548021366673347	0.7567785162786704	
1	0.1835237057512895	0.4836857312575178	0.4556342562621527	0.0712472576792339	0.9129953720916598	
1	0.049464856918199684	0.7618205025903294	0.8614915210367878	0.030055441051131115	0.07040390183904144	
1	0.495095981229261	0.06170993733538088	0.15435521714958567	0.07881451452437926	0.8880846754338705	
1	0.5337920952137281	0.8126701095477059	0.6969265011802706	0.6203846192238869	0.72874718215217	
1	0.5669043968528924	0.056202529426743864	0.4117653379841195	0.3744364982966121	0.5015960214430826	
1	0.6098567315902429	0.7906935253202727	0.810150825274449	0.8958069624589564	0.7208530274990187	
1	0.70559204190622	0.9686669557745644	0.6791577382322259	0.04150354255817734	0.39196225597234113	
1	0.006899801339575129	0.7958473539193195	0.226507932597381	0.1745109919516089	0.35692117683840485	
1	0.6695566850229014	0.23974044377723192	0.35318853426578223	0.15288243615470432	0.5113215832133909	
1	0.032887096095062684	0.05570929787581658	0.9100387217187509	0.4179962697902858	0.9824546028448626	
1	0.34392549063703837	0.6215891464242241	0.13483488066983007	0.927703418329776	0.48685443421225516	
1	0.5375607329485863	0.15476457415149847	0.7353988473768439	0.9546682671778752	0.8926130996300127	
1	0.3793555835854443	0.12733625424191375	0.6171521026879244	0.6721901088614675	0.7727195187553652	
1	0.3076824669571826	0.774397774282655	0.1019002557380394	0.902808869560025	0.9434848188901717	
1	0.6172694220179529	0.6009843013059587	0.40875550220465096	0.5848208795740557	0.2050263413141511	
1	0.24325877068741197	0.7037708482073164	0.14207401986313883	0.07962428566452207	0.5112898215328915	
1	0.23575794270496964	0.06520776617367963	0.8553296014438115	0.350889636031959	0.014645784616985291	
1	0.5004405271463428	0.7817672122400763	0.17847295810615305	0.0860037745152531	0.5278622327788707	
1	0.35107432758219626	0.2291486142933883	0.9247496710806027	0.5529277494441659	0.7647638723057759	
1	0.546054343991147	0.2238353535054004	0.3300285332053713	0.941119073403918	0.12082067781048922	
1	0.3133205928799152	0.36042943224813284	0.4353439384868075	0.9788121230237137	0.8120217313934183	
1	0.7400286424729655	0.0007644438781650997	0.1740974756528183	0.03717905802902477	0.8014635092717592	
1	0.848307329802471	0.4849864568184089	0.2925039428982392	0.9123038292995429	0.3622697616858437	
1	0.47790009597426575	0.08982649966444678	0.1473186684046085	0.21235187019709612	0.5065039360925141	
1	0.5654453049245478	0.7768222818713256	0.5221697029476982	0.910599906034966	0.09110756827211641	
1	0.22033371597643137	0.8654717639745749	0.6686693149844578	0.9549322573844472	0.9668094498947201	
1	0.22561305030702394	0.6043907337863357	0.31466873706088294	0.05650959243673126	0.8483990655722763	
1	0.3948112242332402	0.3104561614013508	0.8447207643004148	0.6504400615669079	0.7867794078321098	
1	0.5171711126516644	0.829301186079477	0.006163360940803053	0.8544813712341973	0.3073265291537194	
1	0.009858790430013475	0.04058680452409169	0.7369064863283101	0.18133748432519148	0.6849626305371544	
1	0.7354613755331113	0.3823758395551843	0.39849737310399924	0.1053987280779205	0.9301823558965795	
1	0.1860889884964937	0.415311238376994	0.9000234040260583	0.5016860815520997	0.7968916121392356	
1	0.0980469160135723	0.2515467431803593	0.2849614350171147	0.32147366065274474	0.9091638009449351	
1	0.3513321921006446	0.46360072544647557	0.7156995968565266	0.20155681109159618	0.665122176127168	
1	0.9247416630531854	0.2827508283977085	0.7763015322309766	0.20312673908213053	0.756503600848555	
1	0.939179104680282	0.9109719686107168	0.3484521000620653	0.9743893699572617	0.8980829374162875	
1	0.04104789204428916	0.16073103488762086	0.8679924439092427	0.3703824407274101	0.48002642707909693	
1	0.5050171759919799	0.7673802120457749	0.23479658695442884	0.31481168764816436	0.16496018572662385	
1	0.2829649653042816	0.7796634420064751	0.99135276194052	0.9719056928384707	0.22278892755769297	
1	0.3944054513885721	0.9823168889990366	0.5686462739761046	0.3542385146494881	0.7069067018526366	
1	0.39215947554259234	0.5276171252557698	0.04078532586790229	0.8579824364534064	0.13817987506102314	
1	0.9000152739063624	0.6442822375982296	0.9948054799589762	0.5051294402416607	0.8546311173196216	
1	0.7895925628198656	0.6157412095330353	0.685427510205721	0.3837616442959033	0.4036356189946708	
1	0.9779384394819223	0.5094169580346136	0.19226945726908629	0.04946119951892036	0.43468002307928066	
1	0.38982465199389493	0.7144814474259403	0.5620353759435499	0.5231254923706999	0.9881805827480217	
1	0.06543984193616115	0.7882513850790758	0.7438726984612589	0.20081610370612202	0.5719554287710861	
1	0.12233777741989904	0.278322230073656	0.2887163358822997	0.2726108906785327	0.24777404380243973	
1	0.5881024495052143	0.16070304823094195	0.06995947585678208	0.28631249966762606	0.11508471615847204	
1	0.08911660754796247	0.6225552660265474	0.9740957341473293	0.6239073225550525	0.3491708772861696	
1	0.5424289331670178	0.2198177678956834	0.8540724276868197	0.6127601623141619	0.5187581277598131	
1	0.0577583894174476	0.7924818547268158	0.6064814398417341	0.27013063069300036	0.5439841893371157	
1	0.842472721262809	0.7984370277028923	0.831157458119417	0.05269248994829123	0.9180779513414512	
1	0.8840222451986897	0.09798558374896471	0.13889206807544352	0.0470356072975906	0.31805331471725307	
1	0.751329237398044	0.37900200999382194	0.03485238090812803	0.12589784471882837	0.23423554716545214	
1	0.9296817432110884	0.535717964465454	0.6677123771722749	0.39864347608812145	0.6089220123951828	
1	0.5997475596447437	0.2891119883240818	0.6368522742208242	0.8583458283804082	0.3507736684915791	
1	0.2876195606147737	0.43416659501718513	0.8939889848357836	0.4066526330249315	0.5852327383789678	
1	0.24998667963968335	0.20323704622739713	0.8374754470540077	0.7411267073603628	0.25279209924597157	
1	0.5083397352756465	0.3835529913884651	0.5431454612922588	0.38351538400968255	0.9804998806554078	
1	0.1299404020191176	0.5013050169051594	0.9347359053512497	0.8449874000799883	0.6947874295950335	
1	0.648299614385052	0.7291665709799993	0.31403281542253847	0.8325237574937545	0.2471299274690384	
1	0.28522767607566235	0.6455937582488188	0.6114062660333962	0.6996727753993647	0.1877521847121434	
1	0.1635063043349828	0.7154028384422214	0.9333489673571306	0.7827208612940153	0.30945414975913765	
1	0.13935393707981947	0.1367967509774869	0.5715565216611638	0.12094595863973134	0.059723231820601574	
1	0.18735827821066953	0.4142802391225904	0.9394007894484674	0.3844067019540509	0.37801418084428373	
1	0.09905891002777956	0.3142020178813444	0.19686644311847035	0.3778049309386118	0.15619832288795898	
1	0.2786247760449312	0.25786892124463867	0.6653656690796818	0.7063809973816519	0.13262935208325155	
1	0.49769516692592264	0.6850674163512442	0.17111809581639192	0.6113097071746899	0.9541526524833033	
1	0.8991332642737757	0.2993663006586714	0.15919357455645866	0.5015238734263848	0.620843920475366	
1	0.12060658888769782	0.517079589660367	0.9454404551531077	0.44811780462986606	0.09534281410698298	
1	0.9335427456177349	0.4168504514986203	0.18469244112143302	0.8698799253461574	0.21004524034260874	
1	0.5358992330246347	0.9704859491098098	0.4648497236012862	0.5298261143150573	0.302752577218108	
1	0.06306934632791095	0.7590573986373249	0.9768652452672126	0.7272153436468162	0.8888456784072033	
1	0.4402801011972539	0.7148593844433996	0.28944253382239915	0.04686053760441489	0.6437493485645787	
1	0.05560714928936639	0.3046803027790701	0.9359402359449147	0.05042443361357751	0.8080564139829138	
1	0.7546039511446083	0.9954984636509033	0.5334620457900698	0.9140653646644314	0.23251163462525715	
1	0.799804621645424	0.2473940286902191	0.7512492168054401	0.572471102554107	0.4384640235084796	
1	0.5694317529175199	0.90037183489541	0.954252392318769	0.16811126313255242	0.5689137456966862	
1	0.49889875910954784	0.1367410292171931	0.5956932367086899	0.4558016107291988	0.3860554426624966	
1	0.5996227320751857	0.8234403269776692	0.051166860139189474	0.5293103459606254	0.6436212312799569	
1	0.6001351891129313	0.21273280265292716	0.45071456711480384	0.2945045091945483	0.11388928068519755	
1	0.9210697876425624	0.5339809645105635	0.3279118972200503	0.7508129108027227	0.10050427422155583	
1	0.3682222061388992	0.32491961462034147	0.9966980583185828	0.5783960380586607	0.4529549054953098	
1	0.9731413415767313	0.9176781926868898	0.22949023072642005	0.1139034847535787	0.23282326342137527	
1	0.4944533194268156	0.27649316016231906	0.6783274394979546	0.7443154915977294	0.3345003891158984	
1	0.6028127079587935	0.6277227542045871	0.7924483074149619	0.036637429557701995	0.7719586773862968	
1	0.33905682231820344	0.3251284337681226	0.12378094687048946	0.9771111954887415	0.8639431387080819	
1	0.39293308624690926	0.7587546703501344	0.09517885573847829	0.8450335857921119	0.6640047236324013	
1	0.30804815173192224	0.3637036909867508	0.16561381600085545	0.08796364094048903	0.2519025117125193	
1	0.6472021805298979	0.7011426531039128	0.9963814684270565	0.23713365159890842	0.7414819907791268	
1	0.5061602368498056	0.07761987033185147	0.39095716542149284	0.15270761744653405	0.8747706690991129	
1	0.5735790630979261	0.4751079395318325	0.7249575774243541	0.20775110743387348	0.9623466358318488	
1	0.2545259441653852	0.684105901611381	0.2273535342689007	0.287559836041388	0.8344606414242096	
1	0.5432856675803676	0.8634162160959148	0.6547594208093743	0.24866201781852126	0.47480930194323645	
1	0.575651127297276	0.9313419277633875	0.4293903154947809	0.7376467667845146	0.9460694420073283	
1	0.6152054260433228	0.1362296373525207	0.5497108484190559	0.6385918051814446	0.5165865944120844	
1	0.9169583840633276	0.7255266258274173	0.6795976910727234	0.6651210491743134	0.6147797754816006	
1	0.06006456679654493	0.4326427188253099	0.4559289698025679	0.8542691071539275	0.4272639877941372	
1	0.19379734774912594	0.010261941182942214	0.5024404937428668	0.17221619102556496	0.14696733226014536	
1	0.2582621789772336	0.4903468011496115	0.7083206761958222	0.7036255001434436	0.8507963857507626	
1	0.061831606289127206	0.8916983657681562	0.4433854331770637	0.3770655676234361	0.605678818134565	
1	0.9602689631913796	0.9629448276514578	0.9269295953123594	0.6564257791513858	0.9411879836894439	
1	0.6895578710857717	0.9980601091399253	0.8864382542242397	0.6907166727329519	0.8186706558438172	
1	0.18472515449622418	0.626636479989376	0.2583141938353519	0.3443456505423673	0.978778605195921	
1	0.6753870261559989	0.31812253828239956	0.04514818771495588	0.6657944585248078	0.6922077927268229	
1	0.43773680426940587	0.29978692249346783	0.3998635950766216	0.32950974315456827	0.9879561416450416	
1	0.19059882672695616	0.9563843614763359	0.05391332830008422	0.7081508433119442	0.845475227632675	
1	0.04220657915853543	0.21398921197519738	0.61895034105713	0.17944610069361233	0.7513290206221127	
1	0.6388431323222795	0.536722928150453	0.5194069241419265	0.688057912970544	0.3705257409044086	
1	0.6754988784266813	0.5704616332244328	0.987188011959367	0.1938155274213751	0.20569966900363024	
1	0.12105505336336164	0.005512547144530533	0.9945358423878227	0.32233059131353103	0.5176798533375689	
1	0.5941140310706519	0.33301036476439816	0.6861305454791198	0.3166366499932207	0.4328484042860995	
1	0.440003946743051	0.8778097400230389	0.17298626154226027	0.45795190820381126	0.29141025949371613	
1	0.6677405453659372	0.029705632893675116	0.773173785655396	0.9606538959300387	0.042711889512014434	
1	0.18921195102241162	0.33410549050012306	0.5633447645592489	0.6549279975915401	0.4666878906989137	
1	0.43213514014945476	0.8868756038900527	0.4936903310659527	0.6313967060651159	0.38446050359153483	
1	0.9684566364640151	0.32601993210602687	0.6884803740732354	0.8385657101879944	0.21468965694613762	
1	0.05013657580985387	0.3608377594949954	0.49268539981242243	0.9725672282292699	0.42373157817427065	
1	0.08795550183795708	0.8321900423294564	0.884750275749469	0.6419191356336216	0.45718555860257104	
1	0.8949520999798981	0.7219565119584533	0.33483978509383017	0.6571672478907591	0.0031890950318499423	
1	0.21440765085936342	0.2830096580974565	0.2511095470524922	0.8337888571039167	0.2311583900314539	
1	0.7015559997071428	0.9297746890087292	0.7391221759208206	0.8450142220668103	0.25011233280029543	
1	0.7345163086926573	0.8044782700175149	0.3179764370754343	0.2501877833908561	0.36311460365390136	
1	0.8456851253326769	0.6424342186643078	0.5162684801669868	0.7074527632113183	0.7686471174763455	
1	0.6288846998022373	0.15325418902485055	0.5534202089941215	0.8039426519514918	0.5368242242938277	
1	0.14288743960795325	0.3994925352108293	0.40289379428806027	0.17242974261893118	0.29381510735978655	
1	0.3662645809193985	0.31911709643078756	0.6130194595528718	0.6740500272092061	0.025272805678325128	
1	0.7589401777641335	0.675252689297111	0.2939063603895542	0.8761515292298214	0.423365372769017	
1	0.41094622397859115	0.3143343551411818	0.6557062479263794	0.7414068282155312	0.8154823899254134	
1	0.45614731089449145	0.6876239855962473	0.18196512338343107	0.13973172838683623	0.8298778779217626	
1	0.323155305721914	0.9573802409591319	0.6487815021704947	0.2789176432171091	0.8004505518295596	
1	0.6600605471241391	0.45885513557152513	0.8178326036676946	0.37467695004734136	0.5394264315193896	
1	0.7416293332183399	0.182902716608643	0.9475477795324642	0.9039835892792693	0.8426843294961922	
1	0.6067073668255321	0.3697141988081398	0.7220096979589882	0.9174358471707893	0.631735598429439	
1	0.5746449885526538	0.7463988118042245	0.7011419293808486	0.5853495903331146	0.45314292735764583	
1	0.23396281405461572	0.13066569572996944	0.6079089220043962	0.3746529836144006	0.5064942735424648	
1	0.49358837500267116	0.986555304080685	0.5085078422973952	0.19101213915870563	0.8769199953078826	
1	0.42565928911523776	0.3375902238916645	0.16840249586604839	0.3230624048581504	0.5501565355501321	
1	0.5369933589990792	0.3500224730730095	0.8329280708398348	0.2596011844635674	0.3323396801649964	
1	0.7702544726040663	0.31835385362256685	0.35678664681418015	0.2386717573006547	0.1580892660601093	
1	0.21133307360374864	0.051814559378113745	0.7273739518556768	0.004898317722336065	0.19690579617708392	
1	0.5962208444979958	0.8237147558659688	0.4299703505601288	0.5275452251959032	0.49245492868134555	
1	0.927064475772849	0.23454005054584193	0.9367056579125932	0.470854532419694	0.6291120468804788	
1	0.9206120320943028	0.24718860138860532	0.2880938550944159	0.5497608890924487	0.2356873219630522	
1	0.20704488245632946	0.025024263724374274	0.5731127651814111	0.8300331877607913	0.5218482489515888	
1	0.5954388957140494	0.09893695000829439	0.1928841273644567	0.8526794213377564	0.346438368771368	
1	0.19236948580034852	0.5927724364852259	0.35947659061648407	0.4926379027158636	0.20611546093186217	
1	0.38850892303947016	0.8190625220943836	0.056134473998015855	0.3603070108861721	0.34468486730910086	
1	0.621474560624691	0.04469132820216526	0.1531864049855125	0.7366433653524628	0.941058580568451	
1	0.6879236336759503	0.577597510187168	0.5169121058525719	0.8646200267575116	0.7462707274191157	
1	0.36787950875092246	0.4979932709541206	0.11092750875306212	0.8842594965230904	0.2771664940360591	
1	0.1410113240027736	0.29022317429088706	0.33164521110872824	0.666954476068045	0.9273528432729422	
1	0.011765812673223519	0.7021042805209831	0.31620163020452685	0.6260266717798558	0.6334283008153231	
1	0.039796601979290136	0.1254424715396596	0.7070369340128873	0.23013783543858812	0.17151707725554932	
